-1527 1252 11 306
-1566 123 11 89
-563 -319 5 152
-399 -442 4 30
-351 -642 4 31
-126 -263 11 1
-113 748 17 269
-28 773 16 90
-120 1424 22 91
2348 94 7 180
1979 535 19 169
1170 862 38 235
1208 447 26 91
1299 533 32 2
1765 539 29 226
1763 678 27 179
1411 619 34 0
1068 -280 23 2
1138 -364 16 180
1319 -621 15 180
1158 194 33 171
1132 326 29 117
1091 424 29 211
944 433 16 183
628 773 2 90
824 1317 10 265
686 1414 13 0
879 1597 16 40
1100 1604 16 314
1233 1678 16 181
1473 1737 16 261
969 1770 20 228
365 1553 15 257
88 1404 2 108
-148 1556 17 274
-323 1557 19 197
-256 1365 25 359
-408 1214 22 328
31 761 13 270
51 -355 14 179
-5 -629 14 183
1 -757 4 190
69 -849 4 298
264 -707 4 342
341 -501 4 1
315 -392 4 88
-552 760 9 185
-1308 1243 21 309
-1116 1186 16 182
769 141 5 14