-895 -274 7 184
-873 -332 7 113
-872 -438 7 94
-1010 -616 8 19
-1106 -634 8 107
-1127 -699 8 46
-1178 -714 8 48
-1275 -722 8 13
-1320 -674 8 5
-1401 -674 8 340
-1521 -695 8 27
-1625 -682 8 25
-1716 -682 8 359
-1807 -718 8 334
-1903 -718 8 5
-1957 -697 8 10
-2023 -618 8 309
-2013 -556 8 273
-2140 -482 29 90
-2037 -494 8 349
-2070 -417 4 27
-2065 -330 6 268
-2056 -269 2 36
-2048 -194 3 343
-1869 -130 2 355
-2030 -115 5 150
-2091 -118 7 198
-2208 44 9 277
-2072 257 3 181
-2012 322 6 217
-1905 467 2 312
-1804 670 12 225
-1708 939 6 214
-1585 1193 5 336
-1530 1394 2 219
-1492 1445 14 288
-1490 1498 14 272
-1462 1575 14 229
-1415 1660 14 302
-1416 1712 14 189
-1309 1897 7 309
-1296 1920 7 176
-1253 1920 7 234
-1204 1918 7 211
-1149 1903 3 172
-1086 1843 2 239
-1008 1979 2 171
-842 1821 2 154
-750 1548 3 189
-740 1336 2 117
-800 1034 12 34
-788 891 2 350
-788 857 2 160
-814 766 5 84
-917 750 2 238
-939 641 5 50
-973 623 5 84
-1039 569 5 255
-1046 558 6 118
-1045 499 6 316
-1038 471 6 104
-993 472 6 129
-952 471 6 246
-950 411 7 277
-937 356 5 56
-933 242 9 269
-973 191 5 239
-1058 191 5 162
-977 119 5 107
-1053 65 5 329
-1135 -7 5 114
-1189 -94 5 119
501 628 4 167
494 713 4 82
451 799 3 39
440 869 3 158
443 926 3 255
461 1033 3 45
415 1070 2 359
403 1077 2 72
415 1112 2 126
507 1124 4 220
598 1118 3 175
671 989 3 281
679 844 2 219
695 765 5 268
675 696 3 106
585 599 4 202
722 -437 2 263
736 -570 2 312
699 -707 1 244
706 -822 1 317
1008 -860 2 358
1240 -805 1 3
1399 -928 3 5
1463 -747 1 79
1565 -427 1 107
1503 -63 1 63
1813 6 2 47
2186 18 2 4
2188 -36 2 359
2538 -49 1 24
2886 342 1 76
2280 960 1 157
1966 1044 1 138
1670 1186 2 180
1312 1139 2 180
1205 1120 2 179
1046 1119 2 178
823 953 2 245
776 771 3 269
789 526 2 265
748 453 2 273
762 336 3 266
739 233 1 271
677 146 2 261
681 -57 1 282
689 -77 2 287
694 -147 2 333
712 -377 1 263